923724 122168
600164 417199
893334 114135
251255 455293
513702 233760
529365 365496
147606 186977
652437 952881
920687 165625
740834 203064
802298 298653
815941 681735
117623 394410
134406 907598
168814 320418
693100 732555
245608 501159
149549 857590
869167 642335
147224 607255
188034 47685
626436 384244
150678 24025
61617 256129
468312 368647
995806 860128
887038 256906
542839 427326
304575 69280
621696 910162
241065 944510
940047 739848
403275 977795
890306 836649
553101 920693
400451 884581
792819 309426
364751 257431
988670 271787
349740 40687
494043 647794
753708 731572
253372 228690
453183 64887
249200 583354
901402 934941
245467 753237
625471 320739
770355 975507
488665 869654
501115 391299
65877 260956
568717 663983
131481 601322
350179 497241
583103 507589
120991 659620
118368 410059
259420 285485
776215 820605
557082 835798
380573 953716
2825 480993
686754 331472
774530 472715
986510 626861
529444 625366
6042 803485
740162 795874
904498 290827
150524 962163
97529 191339
412393 409634
545893 286306
176324 984688
479825 368363
673539 838345
474572 61189
511500 250896
241647 924021
439343 618610
420423 42731
771427 467977
909255 867714
522093 103926
696654 709574
789063 841522
845883 551620
234238 514393
126052 596378
809376 305383
886378 265662
610562 813652
241779 63188
866235 359546
950734 970752
966027 162977
896550 482843
895942 533336
457783 162562
166710 661875
402518 14667
489467 101512
281245 340500
803542 40974
425688 857978
751591 265667
649185 171958
983449 114659
968050 500138
546024 368756
449511 417156
517849 344644
37496 476059
326334 102758
307885 200543
405751 700458
932202 627883
271768 862692
875382 107431
550118 577546
543369 379371
128813 813539
469090 30126
207722 364484
279229 368407
766687 334465
923558 156405
71452 171719
324102 470201
982819 275106
837652 258019
519605 528071
969877 700021
419361 311371
630762 766654
418789 524741
99321 579741
57007 48261
262278 652819
907058 758159
163857 770404
185404 784203
203312 960787
145514 47744
740133 49967
714309 966482
718928 828359
656972 403391
997981 249562
625086 636955
20258 733288
580330 49133
419461 639043
260504 771434
112111 659643
171611 777718
908609 645497
778093 712661
340446 28555
330704 173465
579014 109904
507431 725593
118131 177934
350578 451105
78735 154138
336003 569480
202330 110055
69704 803587
450998 597744
634372 311936
225985 393790
644655 456921
824929 906331
580487 863720
269345 855367
668609 449957
592848 651527
557891 31596
321678 360162
593447 927046
433689 76716
271079 482120
351813 136928
463672 864405
50843 672235
82482 870707
169290 7717
55078 649177
791851 63379
421129 801198
247317 683658
850441 156952
620520 973499
421385 999244
959162 192652
59933 153482
950695 511510
140846 954709
369120 914873
764342 213303
608620 669452
53663 253145
209525 48346
970565 923538
705483 591303
899035 646720
716971 433379
586007 223643
840360 597097
189240 917343
828910 36394
222450 374756
678483 913798
845502 19943
371985 558658
314451 280212
624428 903018
738727 629378
801619 454413
590163 367032
908978 205472
697685 910473
742629 796817
203808 930153
217522 583950
400692 471748
395809 677991
565304 632689
496223 963311
828832 937473
331919 624864
201596 278369
236903 219800
471708 274086
540794 609032
928244 889279
330903 666912
488208 60648
94 861975
487132 399559
19552 752476
964567 519317
476900 780599
115322 536799
383169 660163
713743 19700
868839 75774
552290 628448
235528 532679
740937 873901
56248 543694
164320 824129
818392 667222
586580 851671
450514 797163
219607 238384
37158 438320
107307 570841
346768 338939
747786 980788
83969 816956
557523 811733
782373 296365
608605 463207
128031 981510
559850 292676
469493 149016
412005 562460
147992 770131
273829 364091
480828 887002
559837 590464
460350 548674
548375 332552
406296 376522
144683 170880
251266 21802
731611 634606
120005 63657
15709 638790
986801 861975
792842 445965
651025 264169
110778 749819
69477 784117
755467 947988
827575 824242
835699 975816
17621 615950
946306 254712
727647 22593
998017 402698
593360 648555
408118 634734
462279 579111
637759 97398
332335 829603
683082 741738
287972 751763
682049 500535
715967 837882
88246 115309
529524 512330
114313 525927
393924 824052
315955 535969
579565 413538
560133 818044
224504 261780
835819 264275
618932 532746
553921 800802
927256 238339
775918 25111
946948 202160
398237 776984
21302 405654
465368 509222
633969 753650
880716 844809
787389 473039
408725 90504
839041 835
902561 311086
251780 440564
615676 511755
358641 71481
526844 908406
692017 474844
367810 807238
779457 280109
507024 721038
366270 892083
561237 262528
916247 627792
751842 382001
506666 448080
802698 697212
468444 42072
689041 981970
620843 783442
652313 590267
795914 58517
985178 146866
160614 228655
321744 822118
906643 122384
15158 755340
186399 681502
848671 863631
441478 128894
374041 275715
709625 656696
202112 16967
68592 415896
733048 444218
821019 796586
454909 674153
92481 865315
305206 822971
931515 747383
995917 609928
950557 730467
212656 963526
590399 937796
207733 415475
694220 471244
740682 946679
836617 451203
412841 73744
600520 112845
819800 311493
387206 710244
84103 345131
77433 87914
302548 364851
712138 933969
119607 142862
799300 768643
603581 222432
137906 383031
547313 260626
210408 841422
687529 174416
851143 491718
972283 837896
874573 841553
90676 386695
173853 984512
196298 718273
86514 27095
18985 395215
911753 809635
554338 357406
344982 910708
216511 910870
966448 946402
294066 392854
66479 602448
480364 490900
757266 378340
177274 108278
436621 129325
419290 198845
695600 567662
69434 334382
409481 913410
453865 643129
449656 418524
674678 793518
968339 276752
250179 911351
173103 346262
473981 450894
431794 145205
268981 175597
755350 224144
245594 636538
405483 144463
844100 542511
937795 99078
292454 676290
905198 34501
780657 290187
208184 967628
900228 961012
316830 578608
641713 135234
422297 564251
363354 781825
169099 807173
508782 298370
709857 319099
286237 668335
67278 37454
220408 799182
89778 267099
762300 488703
7085 336094
498882 889292
512757 103597
745946 900902
881459 42675
226560 405866
51538 445533
993991 589214
468065 622666
968074 111595
351921 471012
292632 563708
162360 454411
480705 734061
696025 195473
760526 333288
205771 103583
93734 655384
827177 985490
513991 808859
317653 864530
905819 81065
388671 745201
561449 35680
501174 442504
477844 683136
555398 450702
472313 660190
854610 149892
780792 969097
542142 743561
894093 333642
405586 786309
796541 465908
983393 926402
331183 828735
560648 555486
348049 506602
634297 83394
171803 195687
368532 886417
874212 5538
372627 689447
931997 690982
5886 4237
921708 607420
816235 700401
508801 441498
809919 700134
390581 800783
296453 979373
689251 898943
219632 451819
357325 744336
804204 411116
798107 10472
523911 562102
122646 743854
592747 451008
848168 990386
995053 548877
131844 598091
827621 956436
48507 757190
76865 260637
481502 998494
122180 80688
766181 662922
531128 959100
87880 499719
237025 18282
710421 472631
655971 723717
893405 632819
573698 349422
605107 583572
551124 811518
307057 375112
972140 960995
312493 346018
948485 869570
599642 963339
346352 696579
613168 783378
32971 283843
137344 260765
145339 314183
853427 924759
250532 93763
158422 488990
505185 522680
748 662302
93135 92303
856528 665938
883047 166770
523554 392517
950012 932223
904528 732241
961516 483801
459308 396653
921901 902559
326216 80179
717289 68255
395523 572008
897543 189575
680342 834388
432177 622591
397804 749051
979081 498306
789046 900193
415582 517405
982072 798715
115203 639925
643059 641139
990630 564262
647741 702605
66504 601713
703270 44279
482428 554894
602288 994857
797837 193747
324734 389690
629989 289083
553019 729903
643099 311644
813860 688778
39227 196316
980859 933073
996404 252286
956878 89760
438860 843214
796874 253222
249082 800052
189490 291617
866956 439235
32168 319229
956585 201211
14338 864436
790573 240870
699458 768371
566032 877332
956209 193587
952186 556552
481901 66260
199651 146703
681957 441898
740042 564147
287951 609878
126900 994569
911494 562667
999938 297764
953948 114581
222048 231349
947971 182538
587966 261656
297533 984738
77595 78241
32563 732518
129791 547088
751562 693598
579933 430387
10913 820177
614769 673191
509143 737820
235342 899737
69002 754248
6844 195692
159595 78058
210665 142510
141149 737643
456975 84992
373325 224987
256713 682237
682486 645614
522954 356750
438308 829580
82776 992760
886345 525419
712852 843945
299944 695321
498416 825683
857484 231619
92916 282967
857510 346132
122246 196822
995591 882942
835975 715246
74169 50193
169845 493086
145059 428834
912174 591459
69815 413112
177474 472551
290928 87946
628256 924649
635926 987651
183344 180375
844573 527528
503832 995847
739507 411678
55307 10582
712008 764374
50096 23648
992995 984476
844788 248590
457633 350211
975023 10604
79855 28990
322091 738810
764119 568809
10047 591926
572580 646535
755175 360318
593207 392196
868004 227948
228323 285408
555403 835989
27746 724913
660722 574561
315424 754542
419126 767405
714066 601341
220329 762205
447836 228177
305895 939630
822060 838175
39306 225206
577863 54945
304022 100678
778666 576392
541671 161483
60390 253831
258483 772906
81267 708397
834404 385697
915378 149248
9040 628012
826403 343906
921944 73206
748658 759734
936765 461714
495130 101001
369988 585085
125642 976348
108362 857063
833458 477685
729877 116661
499532 86267
349628 107557
252162 569235
491152 514430
917072 940392
604224 546854
405423 122388
656514 593891
524351 219067
867061 156928
740049 520022
723019 996457
484709 441941
814423 152594
945332 603676
175078 589367
619221 879817
747916 933239
34052 350385
619864 467797
991334 267610
30678 180669
113946 962250
655865 16094
422676 63928
16001 367568
935978 417983
760388 669234
425997 751938
543413 117927
836021 486099
546344 137881
73311 116450
977653 409164
858130 535569
444020 444905
416134 672767
645102 539066
371246 892573
512160 211809
676818 663495
812386 636317
98492 101307
127457 73134
299871 327332
518386 762514
269039 179119
16352 119820
638176 580693
790738 902483
260011 358729
965900 963089
139595 811214
228752 293920
531129 654554
758752 265197
600554 671982
355004 607325
927217 947160
150949 26924
615811 864829
637846 364847
742789 414992
896100 28061
720873 648203
671679 997238
278561 761389
716629 147252
515499 717142
630682 619327
916582 631612
667910 102209
829462 251877
199783 144177
437299 654790
882638 163551
961093 215923
542826 248484
743651 353921
824455 309867
495163 498584
347315 899224
393039 118248
453777 565000
93623 310190
184915 134437
750904 586593
811300 361314
919989 184226
771279 752993
528660 869799
334227 506617
500410 718389
544692 352391
139992 727417
902466 604222
412409 591443
223507 863194
92006 917940
130607 360848
668269 395031
134260 674195
357083 833652
773558 336860
378965 718809
620344 304632
520818 772714
401501 248845
819542 391022
754087 304099
735381 304659
581023 728111
231412 575502
43915 274092
7351 402379
884202 952196
317074 389786
320030 582449
532789 831623
520611 242283
589528 741104
711089 408633
56983 44006
448202 531358
672172 754670
828412 550809
978794 576511
258372 450484
171478 457388
29523 794580
978299 377274
864012 334284
578259 110932
891719 301913
582961 226716
217754 166972
24611 703220
209264 472840
628348 916018
556203 686942
135196 487032
123933 790254
131594 487539
523858 525584
769931 7804
687037 925547
998038 222331
477317 947891
186335 994719
637376 217335
705932 447558
254346 833365
717003 468912
94030 920302
5367 533089
379428 180670
482962 472615
923339 876275
976843 302776
720894 240284
402721 158180
44995 902436
303050 95101
183759 949669
129337 216157
671393 148430
313167 356284
743908 153576
709134 380527
646565 321847
595805 986153
803214 273382
725054 846
419370 403429
30947 998649
959608 642209
248711 223764
305008 856854
754912 186398
888754 366492
871110 830621
281248 371327
636188 996482
185275 836611
385137 628197
715978 430500
275478 110406
387783 754755
978320 312391
881849 798855
38987 611582
845759 676778
741492 527131
748258 986059
619808 419581
265641 118793
33618 304121
412933 761107
807715 971607
982774 398932
472178 28206
824610 745164
816968 309330
259046 251186
419530 805806
126628 460975
708756 140366
409774 612154
79857 830032
684884 801633
243904 702861
554568 37787
89641 107297
980983 366537
886645 760592
273549 483115
428924 149472
793970 539932
212017 257899
249528 616553
800683 985039
153272 724396
332226 864147
707548 182111
831354 66178
991496 794714
949458 976644
50650 549903
163023 672718
750029 147245
48993 987952
375005 455837
908545 963841
954726 925828
699533 327985
779805 81740
708283 490030
256996 685311
263952 14228
655706 516933
918804 20729
837853 364457
864419 896853
32363 275354
871746 28821
991559 845350
960698 110652
831059 828766
369752 38020
570952 549563
287947 175190
594343 702725
208223 142828
102429 861805
875968 984459
791051 2686
412691 387237
923134 602649
877671 854724
670399 351862
199572 330286
923111 544045
864085 505688
499212 563956
316994 735131
442732 144438
54531 84662
440244 244392
295031 307155
926234 27234
544141 656656
17423 496560
413242 173339
606673 540623
972408 307602
347599 64971
587174 485057
824161 213753
278920 812857
743803 526008
472640 940986
34850 546455
998877 833151
931010 335682
339571 448064
751129 358082
268189 927074
898859 499796
355269 39600
466295 576811
225328 851761
649189 691868
187054 975833
26988 983030
412702 181480
556417 8957
77592 513731
494369 881132
175340 309047
510431 288608
815808 899326
891037 367356
892873 341513
618050 374377
564971 359687
46434 225977
872901 349711
749012 149590
88427 504695
480878 184727
577983 399570
62982 341370
780557 367787
750830 444821
